# WWW History 2.4
# DAILY COUNTERS for summary period 1-30 Sep 2001
DAY 01/09/2001:	      0       0       0       0       0 0
DAY 02/09/2001:	      0       0       0       0       0 0
DAY 03/09/2001:	      0       0       0       0       0 0
DAY 04/09/2001:	      0       0       0       0       0 0
DAY 05/09/2001:	      0       0       0       0       0 0
DAY 06/09/2001:	      0       0       0       0       0 0
DAY 07/09/2001:	      0       0       0       0       0 0
DAY 08/09/2001:	      0       0       0       0       0 0
DAY 09/09/2001:	      0       0       0       0       0 0
DAY 10/09/2001:	      0       0       0       0       0 0
DAY 11/09/2001:	      0       0       0       0       0 0
DAY 12/09/2001:	      0       0       0       0       0 0
DAY 13/09/2001:	     16       1       0       1      14 3191
DAY 14/09/2001:	   1546    1339     112     198      29 6172703
DAY 15/09/2001:	    298     228      41      41      18 985791
DAY 16/09/2001:	    335     294       6      59      25 6697603
DAY 17/09/2001:	    730     592      84      93      33 12271084
DAY 18/09/2001:	    932     161       0      21      75 1354979
DAY 19/09/2001:	   1093      98       5       7      96 759870
DAY 20/09/2001:	    676     102       0      10      59 564245
DAY 21/09/2001:	    622     169       1      21      45 1101154
DAY 22/09/2001:	    599     207       0      32      49 1652588
DAY 23/09/2001:	   4910    3882     495     563     115 45993168
DAY 24/09/2001:	   5910    4501     829     638     101 37318956
DAY 25/09/2001:	   6411    3785    2113     740      90 27621024
DAY 26/09/2001:	   4896    2369    1922     496     135 15996273
DAY 27/09/2001:	   2889    2212     459     242      58 9342835
DAY 28/09/2001:	   2159    1783     121     232      58 30251254
DAY 29/09/2001:	   3803    2432    1003     426      94 14782970
CUR 30/09/2001:	    211     143      27      18       9 487684
checksum	  38036   24298    7218    3838    1103 213356208

# MONTHLY COUNTERS for the last 12 months
LASTMON: 09/2001
MON 01/2001:	      0       0       0       0       0 0
MON 02/2001:	      0       0       0       0       0 0
MON 03/2001:	      0       0       0       0       0 0
MON 04/2001:	      0       0       0       0       0 0
MON 05/2001:	      0       0       0       0       0 0
MON 06/2001:	      0       0       0       0       0 0
MON 07/2001:	      0       0       0       0       0 0
MON 08/2001:	      0       0       0       0       0 0
MON 09/2000:	      0       0       0       0       0 0
MON 10/2000:	      0       0       0       0       0 0
MON 11/2000:	      0       0       0       0       0 0
MON 12/2000:	      0       0       0       0       0 0
checksum	      0       0       0       0       0 0

