# WWW History 2.4
# DAILY COUNTERS for summary period 1-31 Oct 2001
DAY 01/10/2001:	   3019    1629    1107     322      66 11711410
DAY 02/10/2001:	   3533    2316     838     480      82 22671592
DAY 03/10/2001:	   3234    2056     805     363      45 15055555
DAY 04/10/2001:	   1633     758     664     192      36 8453589
DAY 05/10/2001:	   1369     624     586     159      63 9776180
DAY 06/10/2001:	   1590    1017     340     203      40 7002793
DAY 07/10/2001:	    608     350      94     104      26 1737971
DAY 08/10/2001:	   1326     823     350     127      31 4650259
DAY 09/10/2001:	   1743    1150     315     209      47 12653303
DAY 10/10/2001:	   1325     921     199     134      33 4544061
DAY 11/10/2001:	   2309    1498     512     266      39 11395255
DAY 12/10/2001:	   3481    2314     773     462      68 73593696
DAY 13/10/2001:	   2212    1346     527     291      49 8927283
DAY 14/10/2001:	   3056    2035     796     410      53 29258862
DAY 15/10/2001:	   2991    1757     931     313      58 20825308
DAY 16/10/2001:	   2762    1724     749     396      44 9443671
DAY 17/10/2001:	   2307    1881     227     279      56 12787936
DAY 18/10/2001:	   1926    1498     282     257      35 16250109
DAY 19/10/2001:	   1131     852     192     191      53 5701496
DAY 20/10/2001:	   2212    1482     433     232      42 18714428
DAY 21/10/2001:	   1812    1272     420     209      30 13950825
DAY 22/10/2001:	   1350     961     241     153      30 11603809
DAY 23/10/2001:	   1678    1190     260     232      41 13001611
DAY 24/10/2001:	   1090     846      63     130      35 15053671
DAY 25/10/2001:	   1956    1439     308     208      33 11041478
DAY 26/10/2001:	   1295     848     192     157      43 7660582
DAY 27/10/2001:	    988     733      96      76      23 3989699
DAY 28/10/2001:	   2164    1572     380     224      57 22912444
DAY 29/10/2001:	   1013     727     152     151      64 7717252
DAY 30/10/2001:	   1847     868     700     205      33 20621004
CUR 31/10/2001:	    161     119       2      15       4 601590
checksum	  59121   38606   13534    7150    1359 433327456

# MONTHLY COUNTERS for the last 12 months
LASTMON: 10/2001
MON 01/2001:	      0       0       0       0       0 0
MON 02/2001:	      0       0       0       0       0 0
MON 03/2001:	      0       0       0       0       0 0
MON 04/2001:	      0       0       0       0       0 0
MON 05/2001:	      0       0       0       0       0 0
MON 06/2001:	      0       0       0       0       0 0
MON 07/2001:	      0       0       0       0       0 0
MON 08/2001:	      0       0       0       0       0 0
MON 09/2001:	  41008   25994    8196    4180    1204 222734592
MON 10/2000:	      0       0       0       0       0 0
MON 11/2000:	      0       0       0       0       0 0
MON 12/2000:	      0       0       0       0       0 0
checksum	  41008   25994    8196    4180    1204 222734592

