# WWW History 2.4
# DAILY COUNTERS for summary period 1-31 Dec 2001
DAY 01/12/2001:	   6137    2043    3920     426     107 39305664
DAY 02/12/2001:	   4623    3626     728     556      81 43457268
DAY 03/12/2001:	   5126    3544    1375     674      75 41763900
DAY 04/12/2001:	   3232    1710    1304     343      53 16786114
DAY 05/12/2001:	   1334     831     399     171      29 9158592
DAY 06/12/2001:	   3278    2212     863     468      67 28084638
DAY 07/12/2001:	   1985    1380     427     214      33 14941705
DAY 08/12/2001:	   2862    1786     895     286      76 51522468
DAY 09/12/2001:	    901     518     328     140      25 2393137
DAY 10/12/2001:	   3318    2548     590     359     114 14070578
DAY 11/12/2001:	   2031    1638     218     224      63 23600340
DAY 12/12/2001:	   2064    1444     478     250      63 6846008
DAY 13/12/2001:	   1956    1323     460     269      92 19349686
DAY 14/12/2001:	   1979    1408     445     237      48 24066966
DAY 15/12/2001:	   1335    1175      62     170      38 11522427
DAY 16/12/2001:	   2803    2071     507     329      37 36446716
DAY 17/12/2001:	   1568    1077     212     194      25 71952032
DAY 18/12/2001:	   1321    1036     172     155      30 5110006
DAY 19/12/2001:	    805     527     177     108      24 2381948
DAY 20/12/2001:	   1596     798     743     121      23 8828968
DAY 21/12/2001:	    776     614      52      90      13 4705850
DAY 22/12/2001:	    306     228       0      57      35 7337260
DAY 23/12/2001:	    491     422      37      65      25 2047356
DAY 24/12/2001:	    521     397      42      69      38 2959364
DAY 25/12/2001:	    727     459      41     114      51 21640524
DAY 26/12/2001:	    464     372      27      81      17 2789967
DAY 27/12/2001:	    354     246      33      53      15 1226732
DAY 28/12/2001:	    984     778      62     119      66 24309878
DAY 29/12/2001:	    215     153       0      56      28 642720
DAY 30/12/2001:	    931     720     104     106      18 3283712
CUR 31/12/2001:	     70      66       0       6      18 377534
checksum	  56093   37150   14701    6510    1427 542929472

# MONTHLY COUNTERS for the last 12 months
LASTMON: 12/2001
MON 01/2001:	      0       0       0       0       0 0
MON 02/2001:	      0       0       0       0       0 0
MON 03/2001:	      0       0       0       0       0 0
MON 04/2001:	      0       0       0       0       0 0
MON 05/2001:	      0       0       0       0       0 0
MON 06/2001:	      0       0       0       0       0 0
MON 07/2001:	      0       0       0       0       0 0
MON 08/2001:	      0       0       0       0       0 0
MON 09/2001:	  41008   25994    8196    4180    1204 222734592
MON 10/2001:	  61286   39836   14266    7440    1390 444314624
MON 11/2001:	  58411   42398    9895    7276    1696 507390464
MON 12/2000:	      0       0       0       0       0 0
checksum	 160705  108228   32357   18896    4290 1174439680

