# WWW History 2.4
# DAILY COUNTERS for summary period 1-30 Nov 2001
DAY 01/11/2001:	   1955    1133     568     299      67 21445932
DAY 02/11/2001:	   1417    1027     179     257      36 9787808
DAY 03/11/2001:	   1798    1446     123     264      55 22393470
DAY 04/11/2001:	   1892    1347     289     225      87 15478040
DAY 05/11/2001:	   2488    2082     216     287      50 45676744
DAY 06/11/2001:	   2880    2400     271     319      55 27644016
DAY 07/11/2001:	   1881    1296     452     294      51 14944586
DAY 08/11/2001:	   2080    1641     160     251      96 24478558
DAY 09/11/2001:	   2823    2125     469     405      36 16138529
DAY 10/11/2001:	   1472     957     205     161      48 10081125
DAY 11/11/2001:	   2069    1587     218     240      64 19508336
DAY 12/11/2001:	   1704    1186     332     226      35 7243155
DAY 13/11/2001:	   2365    1624     445     275      83 10211063
DAY 14/11/2001:	   2065    1546     345     238      45 9135574
DAY 15/11/2001:	   3305    2546     487     330      49 28902416
DAY 16/11/2001:	   1916    1316     405     251      50 16480385
DAY 17/11/2001:	   2026    1592     301     291      67 39452548
DAY 18/11/2001:	   2033    1420     341     284      41 41733824
DAY 19/11/2001:	   1755    1291     246     172      40 17725688
DAY 20/11/2001:	   2712    1965     523     324      63 16516896
DAY 21/11/2001:	    881     688     103     105      18 3829705
DAY 22/11/2001:	    822     600      46     100      37 4599854
DAY 23/11/2001:	   1162     793     227     111      55 5926830
DAY 24/11/2001:	    743     435     197      60      34 2214365
DAY 25/11/2001:	   1311     903     203     155      51 5577150
DAY 26/11/2001:	   1947    1400     388     251      45 11113296
DAY 27/11/2001:	   1851    1286     357     247      61 12415462
DAY 28/11/2001:	   1762    1293     327     226      60 8231612
DAY 29/11/2001:	   2831    2029     613     382     161 25808982
CUR 30/11/2001:	    671     273     375      50       6 1473795
checksum	  56617   41227    9411    7080    1646 496191808

# MONTHLY COUNTERS for the last 12 months
LASTMON: 11/2001
MON 01/2001:	      0       0       0       0       0 0
MON 02/2001:	      0       0       0       0       0 0
MON 03/2001:	      0       0       0       0       0 0
MON 04/2001:	      0       0       0       0       0 0
MON 05/2001:	      0       0       0       0       0 0
MON 06/2001:	      0       0       0       0       0 0
MON 07/2001:	      0       0       0       0       0 0
MON 08/2001:	      0       0       0       0       0 0
MON 09/2001:	  41008   25994    8196    4180    1204 222734592
MON 10/2001:	  61286   39836   14266    7440    1390 444314624
MON 11/2000:	      0       0       0       0       0 0
MON 12/2000:	      0       0       0       0       0 0
checksum	 102294   65830   22462   11620    2594 667049216

