# WWW History 2.4
# DAILY COUNTERS for summary period 1-19 May 2002
DAY 01/05/2002:	   1938    1543     249     230      69 8980228
DAY 02/05/2002:	   1768    1443     211     187      98 27098708
DAY 03/05/2002:	   1395    1259      95     137      19 7546983
DAY 04/05/2002:	   1128     847     217     139      22 10330168
DAY 05/05/2002:	    895     676     104     202      46 16212420
DAY 06/05/2002:	   1373    1220      74     176      28 7100393
DAY 07/05/2002:	   1260    1010     136     156      27 7367638
DAY 08/05/2002:	    731     606      78     137      44 10691516
DAY 09/05/2002:	   1374    1272      39     149      44 7187725
DAY 10/05/2002:	    811     763       0     131      38 7329627
DAY 11/05/2002:	    711     518     142     127      35 5623339
DAY 12/05/2002:	   1381     957     347     152      59 7329897
DAY 13/05/2002:	   2139    1322     749     222     104 12020747
DAY 14/05/2002:	    992     873      85     145      39 27070550
DAY 15/05/2002:	   1078    1017       5     170      26 22787350
DAY 16/05/2002:	    621     557      17      94      50 3004658
DAY 17/05/2002:	    454     379      43      74      19 2701274
DAY 18/05/2002:	    326     240      75      68      10 1228668
CUR 19/05/2002:	    149     113      31      35       1 637262
checksum	  20524   16615    2697    2731     778 192246096

# MONTHLY COUNTERS for the last 12 months
LASTMON: 05/2002
MON 01/2002:	  39481   30527    5890    5315    1349 296103584
MON 02/2002:	  54320   42874    8310    7082    1249 556263872
MON 03/2002:	  49069   38587    7411    6727    1605 456277632
MON 04/2002:	  71698   54380   13752    8803    1759 537936960
MON 05/2001:	      0       0       0       0       0 0
MON 06/2001:	      0       0       0       0       0 0
MON 07/2001:	      0       0       0       0       0 0
MON 08/2001:	      0       0       0       0       0 0
MON 09/2001:	  41008   25994    8196    4180    1204 222734592
MON 10/2001:	  61286   39836   14266    7440    1390 444314624
MON 11/2001:	  58411   42398    9895    7276    1696 507390464
MON 12/2001:	  56333   37276   14763    6530    1435 543523648
checksum	 431606  311872   82483   53353   11687 3564545344

