# WWW History 2.4
# DAILY COUNTERS for summary period 1-31 Jan 2002
DAY 01/01/2002:	    327     218       0      31      24 854804
DAY 02/01/2002:	    846     539     183      82      62 8597180
DAY 03/01/2002:	   1057     831     138     138      22 3703551
DAY 04/01/2002:	    565     474       0      94      28 3784091
DAY 05/01/2002:	    449     338       0      85      21 2746293
DAY 06/01/2002:	    605     417     140      90      20 4061868
DAY 07/01/2002:	    815     725      42     102      36 3831686
DAY 08/01/2002:	   1116     976       3     132      43 4435374
DAY 09/01/2002:	    840     671      94     188      14 14240571
DAY 10/01/2002:	    835     708      55     131      46 6236280
DAY 11/01/2002:	   1050     886     105     146      50 12747251
DAY 12/01/2002:	    442     323      31      58      18 1817852
DAY 13/01/2002:	    464     381      50      83      17 1613600
DAY 14/01/2002:	   1136     819     228     163      58 23807496
DAY 15/01/2002:	    618     500      64     213      32 6171272
DAY 16/01/2002:	    219     181       0      30      13 723254
DAY 17/01/2002:	    654     594       5      93      51 2776122
DAY 18/01/2002:	   1343    1152     132     172      47 10171091
DAY 19/01/2002:	   1157     975     117     169      20 12033452
DAY 20/01/2002:	    893     704      51      92      50 5371386
DAY 21/01/2002:	   1752    1608      70     239      29 30865044
DAY 22/01/2002:	   2409    1733     520     332      59 8836294
DAY 23/01/2002:	   2578    1942     476     360      82 20192624
DAY 24/01/2002:	   2293    1949     208     284      45 10290396
DAY 25/01/2002:	   3424    2058    1120     326      41 11638258
DAY 26/01/2002:	   1968    1399     443     237      62 9842411
DAY 27/01/2002:	   1259     998     128     166      69 5945748
DAY 28/01/2002:	   2718    1844     744     368      76 14295919
DAY 29/01/2002:	   1464    1361      30     237      42 12234938
DAY 30/01/2002:	   1547    1175     254     185      65 20939982
CUR 31/01/2002:	    318     242      63      24      24 1229046
checksum	  37161   28721    5494    5050    1266 276034240

# MONTHLY COUNTERS for the last 12 months
LASTMON: 01/2002
MON 01/2001:	      0       0       0       0       0 0
MON 02/2001:	      0       0       0       0       0 0
MON 03/2001:	      0       0       0       0       0 0
MON 04/2001:	      0       0       0       0       0 0
MON 05/2001:	      0       0       0       0       0 0
MON 06/2001:	      0       0       0       0       0 0
MON 07/2001:	      0       0       0       0       0 0
MON 08/2001:	      0       0       0       0       0 0
MON 09/2001:	  41008   25994    8196    4180    1204 222734592
MON 10/2001:	  61286   39836   14266    7440    1390 444314624
MON 11/2001:	  58411   42398    9895    7276    1696 507390464
MON 12/2001:	  56333   37276   14763    6530    1435 543523648
checksum	 217038  145504   47120   25426    5725 1717963328

