# WWW History 2.4
# DAILY COUNTERS for summary period 1-31 Mar 2002
DAY 01/03/2002:	   2034    1587     319     318      42 19677906
DAY 02/03/2002:	   1034     776     136     161      63 4250104
DAY 03/03/2002:	   2058    1576     340     288      33 25003004
DAY 04/03/2002:	   2064    1816     130     272      55 11770348
DAY 05/03/2002:	   2535    2129     258     342      60 42218804
DAY 06/03/2002:	   2805    2035     564     335      44 30757684
DAY 07/03/2002:	   2165    1680     396     272      43 16584788
DAY 08/03/2002:	   2135    1315     738     199      29 11622547
DAY 09/03/2002:	   1550    1201     291     215      29 9811459
DAY 10/03/2002:	   2967    2621     238     391     129 18693396
DAY 11/03/2002:	   2470    2067     287     296      87 20219896
DAY 12/03/2002:	   2087    1504     514     262      40 7985418
DAY 13/03/2002:	   1074     857     153     176      37 3958298
DAY 14/03/2002:	    978     798     109     145     116 4541052
DAY 15/03/2002:	   1615    1310     242     207      75 13154924
DAY 16/03/2002:	    457     405       3     105      16 3679149
DAY 17/03/2002:	    683     600      18     109      82 4533396
DAY 18/03/2002:	   1252     949     182     172      85 52277912
DAY 19/03/2002:	    802     679      90     141      23 5758314
DAY 20/03/2002:	    790     721      23     169      23 5877479
DAY 21/03/2002:	    952     766      91     138      27 16102707
DAY 22/03/2002:	    990     628     289      93      14 6349290
DAY 23/03/2002:	    872     644      94     145      99 12010957
DAY 24/03/2002:	   1782    1345     355     269      50 21206128
DAY 25/03/2002:	   1329    1012     238     206      42 13175247
DAY 26/03/2002:	   2060    1853     110     326      39 15202453
DAY 27/03/2002:	   1548    1185     285     214      35 8933195
DAY 28/03/2002:	   1675    1247     303     220      68 22565670
DAY 29/03/2002:	   1451    1058     242     164      38 9961216
DAY 30/03/2002:	   1461    1078     233     197      61 7683982
CUR 31/03/2002:	    130     112       0      30       2 565103
checksum	  47805   37554    7271    6577    1586 446152352

# MONTHLY COUNTERS for the last 12 months
LASTMON: 03/2002
MON 01/2002:	  39481   30527    5890    5315    1349 296103584
MON 02/2002:	  54320   42874    8310    7082    1249 556263872
MON 03/2001:	      0       0       0       0       0 0
MON 04/2001:	      0       0       0       0       0 0
MON 05/2001:	      0       0       0       0       0 0
MON 06/2001:	      0       0       0       0       0 0
MON 07/2001:	      0       0       0       0       0 0
MON 08/2001:	      0       0       0       0       0 0
MON 09/2001:	  41008   25994    8196    4180    1204 222734592
MON 10/2001:	  61286   39836   14266    7440    1390 444314624
MON 11/2001:	  58411   42398    9895    7276    1696 507390464
MON 12/2001:	  56333   37276   14763    6530    1435 543523648
checksum	 310839  218905   61320   37823    8323 2570330816

