# WWW History 2.4
# DAILY COUNTERS for summary period 1-24 Apr 2002
DAY 01/04/2002:	   3662    2518     944     411      90 14811061
DAY 02/04/2002:	   2661    1856     643     290      83 17615940
DAY 03/04/2002:	   1753     744     897     169      46 5259219
DAY 04/04/2002:	   3552    2386    1051     379      82 17611914
DAY 05/04/2002:	   2248    1678     445     265      85 13571601
DAY 06/04/2002:	   2057    1622     356     201      67 20265552
DAY 07/04/2002:	   2448    1686     627     290      42 9534965
DAY 08/04/2002:	   4814    3852     719     567      59 58838536
DAY 09/04/2002:	   2306    1866     308     287     132 21938344
DAY 10/04/2002:	   3675    2818     681     420     100 34123508
DAY 11/04/2002:	   2851    2200     553     215      32 18396546
DAY 12/04/2002:	   1849    1254     457     209      39 11482237
DAY 13/04/2002:	   3024    2149     751     389      39 15449535
DAY 14/04/2002:	   1911    1484     294     243      35 42865132
DAY 15/04/2002:	   2262    1737     407     309      63 22391078
DAY 16/04/2002:	   2696    2158     431     441      39 16009542
DAY 17/04/2002:	   1225    1047     107     198      35 6515075
DAY 18/04/2002:	   1932    1453     343     264      53 8821680
DAY 19/04/2002:	   2723    2323     325     273      57 14167023
DAY 20/04/2002:	   1422    1243     107     198      47 19290650
DAY 21/04/2002:	   1152     863     155     147      51 4926181
DAY 22/04/2002:	   3409    2464     792     403      40 24382360
DAY 23/04/2002:	   2597    2025     484     308      94 27396946
CUR 24/04/2002:	    372     300      47      60       4 1899826
checksum	  58601   43726   11924    6936    1414 447582624

# MONTHLY COUNTERS for the last 12 months
LASTMON: 04/2002
MON 01/2002:	  39481   30527    5890    5315    1349 296103584
MON 02/2002:	  54320   42874    8310    7082    1249 556263872
MON 03/2002:	  49069   38587    7411    6727    1605 456277632
MON 04/2001:	      0       0       0       0       0 0
MON 05/2001:	      0       0       0       0       0 0
MON 06/2001:	      0       0       0       0       0 0
MON 07/2001:	      0       0       0       0       0 0
MON 08/2001:	      0       0       0       0       0 0
MON 09/2001:	  41008   25994    8196    4180    1204 222734592
MON 10/2001:	  61286   39836   14266    7440    1390 444314624
MON 11/2001:	  58411   42398    9895    7276    1696 507390464
MON 12/2001:	  56333   37276   14763    6530    1435 543523648
checksum	 359908  257492   68731   44550    9928 3026608448

