# WWW History 2.4
# DAILY COUNTERS for summary period 1-28 Feb 2002
DAY 01/02/2002:	   1671    1442     100     203      29 23997592
DAY 02/02/2002:	   1970    1718     169     239      46 11635768
DAY 03/02/2002:	   1449     885     424     175      46 5742063
DAY 04/02/2002:	   1927    1558     235     265      34 12466456
DAY 05/02/2002:	   1712    1224     347     212      53 15643937
DAY 06/02/2002:	   2073    1755     226     290      39 43577396
DAY 07/02/2002:	   1645    1212     370     271      43 24056464
DAY 08/02/2002:	   1109     975      94     135      56 4361321
DAY 09/02/2002:	    606     482      73      81      33 3818300
DAY 10/02/2002:	   1274    1118      94     183      48 15050307
DAY 11/02/2002:	   1148    1005      66     131      27 12690800
DAY 12/02/2002:	   2081    1517     458     243      70 15913769
DAY 13/02/2002:	   1835    1450     304     216      54 30995308
DAY 14/02/2002:	   1324    1102     154     146      34 12386084
DAY 15/02/2002:	   1019     684     248     100      27 29617740
DAY 16/02/2002:	    559     492       5     103      16 2499429
DAY 17/02/2002:	   1922    1598     205     220      34 31655292
DAY 18/02/2002:	   1202     936     206     165      51 6516910
DAY 19/02/2002:	   2072    1871      54     262      60 15935168
DAY 20/02/2002:	   1542    1173     265     185      52 14480454
DAY 21/02/2002:	   1409     908     427     265      24 10839752
DAY 22/02/2002:	   1779    1606      48     277      49 11217220
DAY 23/02/2002:	   1072     972      35     159      48 4884686
DAY 24/02/2002:	   4048    2934     916     469      50 27572648
DAY 25/02/2002:	   7129    5458    1327     877      79 71238272
DAY 26/02/2002:	   3681    2806     735     458      54 64712448
DAY 27/02/2002:	   2973    2291     481     437      51 17006192
CUR 28/02/2002:	     68      66       0      28       2 300352
checksum	  52299   41238    8066    6795    1209 540844928

# MONTHLY COUNTERS for the last 12 months
LASTMON: 02/2002
MON 01/2002:	  39481   30527    5890    5315    1349 296103584
MON 02/2001:	      0       0       0       0       0 0
MON 03/2001:	      0       0       0       0       0 0
MON 04/2001:	      0       0       0       0       0 0
MON 05/2001:	      0       0       0       0       0 0
MON 06/2001:	      0       0       0       0       0 0
MON 07/2001:	      0       0       0       0       0 0
MON 08/2001:	      0       0       0       0       0 0
MON 09/2001:	  41008   25994    8196    4180    1204 222734592
MON 10/2001:	  61286   39836   14266    7440    1390 444314624
MON 11/2001:	  58411   42398    9895    7276    1696 507390464
MON 12/2001:	  56333   37276   14763    6530    1435 543523648
checksum	 256519  176031   53010   30741    7074 2014066880

